
------------------------ THROUGHPUT TEST ----------------------------
MEMORY SIZE of DATASET:0.000616MB
<prop get!!>
[block size: 60 filter: 0]
<cache set: 0x2343cc0 0x2343d80 60>
DATASET: 2x7x11 CHUNK: 1x3x5
HDF5 1.10.4 PIPELINE:
<prop get!!>
block coordinates: {0,0,0}
000 001 002 003 004 
011 012 013 014 015 
022 023 024 025 026 
block coordinates: {0,0,5}
005 006 007 008 009 
016 017 018 019 020 
027 028 029 030 031 
block coordinates: {0,0,10}
010 000 000 000 000 
021 000 000 000 000 
032 000 000 000 000 
block coordinates: {0,3,0}
033 034 035 036 037 
044 045 046 047 048 
055 056 057 058 059 
block coordinates: {0,3,5}
038 039 040 041 042 
049 050 051 052 053 
060 061 062 063 064 
block coordinates: {0,3,10}
043 000 000 000 000 
054 000 000 000 000 
065 000 000 000 000 
block coordinates: {0,6,0}
066 067 068 069 070 
000 000 000 000 000 
000 000 000 000 000 
block coordinates: {0,6,5}
071 072 073 074 075 
000 000 000 000 000 
000 000 000 000 000 
block coordinates: {0,6,10}
076 000 000 000 000 
000 000 000 000 000 
000 000 000 000 000 
block coordinates: {1,0,0}
077 078 079 080 081 
088 089 090 091 092 
099 100 101 102 103 
block coordinates: {1,0,5}
082 083 084 085 086 
093 094 095 096 097 
104 105 106 107 108 
block coordinates: {1,0,10}
087 000 000 000 000 
098 000 000 000 000 
109 000 000 000 000 
block coordinates: {1,3,0}
110 111 112 113 114 
121 122 123 124 125 
132 133 134 135 136 
block coordinates: {1,3,5}
115 116 117 118 119 
126 127 128 129 130 
137 138 139 140 141 
block coordinates: {1,3,10}
120 000 000 000 000 
131 000 000 000 000 
142 000 000 000 000 
block coordinates: {1,6,0}
143 144 145 146 147 
000 000 000 000 000 
000 000 000 000 000 
block coordinates: {1,6,5}
148 149 150 151 152 
000 000 000 000 000 
000 000 000 000 000 
block coordinates: {1,6,10}
153 000 000 000 000 
000 000 000 000 000 
000 000 000 000 000 
0.002282 throughout: 0.269939 MB/s
HDF5 "example.h5" {
GROUP "/" {
   DATASET "huge dataset" {
      DATATYPE  H5T_STD_U32LE
      DATASPACE  SIMPLE { ( 2, 7, 11 ) / ( H5S_UNLIMITED, 7, 11 ) }
      DATA {
      (0,0,0): 0, 1, 2, 3, 4, 5, 6, 7, 8, 9, 10,
      (0,1,0): 11, 12, 13, 14, 15, 16, 17, 18, 19, 20, 21,
      (0,2,0): 22, 23, 24, 25, 26, 27, 28, 29, 30, 31, 32,
      (0,3,0): 33, 34, 35, 36, 37, 38, 39, 40, 41, 42, 43,
      (0,4,0): 44, 45, 46, 47, 48, 49, 50, 51, 52, 53, 54,
      (0,5,0): 55, 56, 57, 58, 59, 60, 61, 62, 63, 64, 65,
      (0,6,0): 66, 67, 68, 69, 70, 71, 72, 73, 74, 75, 76,
      (1,0,0): 77, 78, 79, 80, 81, 82, 83, 84, 85, 86, 87,
      (1,1,0): 88, 89, 90, 91, 92, 93, 94, 95, 96, 97, 98,
      (1,2,0): 99, 100, 101, 102, 103, 104, 105, 106, 107, 108, 109,
      (1,3,0): 110, 111, 112, 113, 114, 115, 116, 117, 118, 119, 120,
      (1,4,0): 121, 122, 123, 124, 125, 126, 127, 128, 129, 130, 131,
      (1,5,0): 132, 133, 134, 135, 136, 137, 138, 139, 140, 141, 142,
      (1,6,0): 143, 144, 145, 146, 147, 148, 149, 150, 151, 152, 153
      }
   }
}
}
